[ 4907.181823] [Project1] 7866 1588081906.677349426 1588081907.892948467
[ 4909.534455] [Project1] 7869 1588081909.33058914 1588081910.245585225
[ 4911.898911] [Project1] 7870 1588081911.391013171 1588081912.610046516
[ 4914.255451] [Project1] 7871 1588081913.753706622 1588081914.966588327
[ 4916.614232] [Project1] 7872 1588081916.113065347 1588081917.325373780
[ 4918.972035] [Project1] 7873 1588081918.470845636 1588081919.683187340
[ 4921.326199] [Project1] 7874 1588081920.825311374 1588081922.37338429
[ 4923.685757] [Project1] 7875 1588081923.183325851 1588081924.396922351
[ 4926.046830] [Project1] 7876 1588081925.545167085 1588081926.758001523
[ 4928.404800] [Project1] 7877 1588081927.903928730 1588081929.115974871
